xof 0303txt 0032

template XSkinMeshHeader {
  <3cf169ce-ff7c-44ab-93c0-f78f62d172e2>
  WORD nMaxSkinWeightsPerVertex;
  WORD nMaxSkinWeightsPerFace;
  WORD nBones;
}

template SkinWeights {
  <6f0d123b-bad2-4167-a0d0-80224f25fabb>
  STRING transformNodeName;
  DWORD nWeights;
  array DWORD vertexIndices[nWeights];
  array float weights[nWeights];
  Matrix4x4 matrixOffset;
}

Frame Root {
  FrameTransformMatrix {
     1.000000, 0.000000, 0.000000, 0.000000,
     0.000000,-0.000000, 1.000000, 0.000000,
     0.000000, 1.000000, 0.000000, 0.000000,
     0.000000, 0.000000, 0.000000, 1.000000;;
  }
  Frame bloodelffemale {
    FrameTransformMatrix {
       0.010000, 0.000000, 0.000000, 0.000000,
       0.000000,-0.000000, 0.010000, 0.000000,
       0.000000,-0.010000,-0.000000, 0.000000,
       0.000000, 0.000000, 0.000000, 1.000000;;
    }
    Frame bloodelffemale_bone_0 {
      FrameTransformMatrix {
         1.000000, 0.000000, 0.000000, 0.000000,
         0.000000, 1.000000, 0.000000, 0.000000,
         0.000000, 0.000000, 1.000000, 0.000000,
         0.000000, 0.000000, 0.000000, 1.000000;;
      }
      Frame bloodelffemale_bone_0_bloodelffemale_bone_1 {
        FrameTransformMatrix {
           0.906027,-0.148550,-0.396293, 0.000000,
           0.117959, 0.987906,-0.100632, 0.000000,
           0.406449, 0.044429, 0.912593, 0.000000,
           4.187785,56.948544,10.098548, 1.000000;;
        }
        Frame bloodelffemale_bone_0_bloodelffemale_bone_2 {
          FrameTransformMatrix {
             0.998773, 0.044925,-0.020865, 0.000000,
            -0.049079, 0.954469,-0.294245, 0.000000,
             0.006696, 0.294908, 0.955502, 0.000000,
             0.000001, 0.660962, 0.000000, 1.000000;;
          }
          Frame bloodelffemale_bone_0_bloodelffemale_bone_4 {
            FrameTransformMatrix {
               0.982289,-0.092494, 0.162950, 0.000000,
               0.036748, 0.947876, 0.316512, 0.000000,
              -0.183732,-0.304918, 0.934488, 0.000000,
               0.577229, 3.389235, 0.038797, 1.000000;;
            }
            Frame bloodelffemale_bone_0_bloodelffemale_bone_10 {
              FrameTransformMatrix {
                 0.965299, 0.152994, 0.211636, 0.000000,
                -0.178475, 0.978114, 0.106956, 0.000000,
                -0.190640,-0.141016, 0.971479, 0.000000,
                -0.436456, 7.719781,-0.000000, 1.000000;;
              }
              Frame bloodelffemale_bone_0_bloodelffemale_bone_18 {
                FrameTransformMatrix {
                   0.954951, 0.167804, 0.244766, 0.000000,
                  -0.150968, 0.984779,-0.086136, 0.000000,
                  -0.255494, 0.045304, 0.965749, 0.000000,
                  -2.557144,12.714026, 0.000000, 1.000000;;
                }
                Frame bloodelffemale_bone_0_bloodelffemale_bone_27 {
                  FrameTransformMatrix {
                     0.897926,-0.435565, 0.063347, 0.000000,
                     0.413334, 0.883912, 0.218759, 0.000000,
                    -0.151277,-0.170246, 0.973721, 0.000000,
                     0.597581, 4.920665,-0.000002, 1.000000;;
                  }
                  Frame bloodelffemale_bone_0_bloodelffemale_bone_32 {
                    FrameTransformMatrix {
                       1.000000, 0.000000,-0.000000, 0.000000,
                       0.000000, 1.000000,-0.000000, 0.000000,
                      -0.000000,-0.000000, 1.000000, 0.000000,
                       5.637282, 3.278248,-1.673369, 1.000000;;
                    }
                  } // End of bloodelffemale_bone_0_bloodelffemale_bone_32
                  Frame bloodelffemale_bone_0_bloodelffemale_bone_33 {
                    FrameTransformMatrix {
                       1.000000, 0.000000,-0.000000, 0.000000,
                       0.000000, 1.000000,-0.000000, 0.000000,
                      -0.000000,-0.000000, 1.000000, 0.000000,
                       5.637280, 3.246170, 1.591471, 1.000000;;
                    }
                  } // End of bloodelffemale_bone_0_bloodelffemale_bone_33
                  Frame bloodelffemale_bone_0_bloodelffemale_bone_34 {
                    FrameTransformMatrix {
                       1.000000, 0.000000,-0.000000, 0.000000,
                       0.000000, 1.000000,-0.000000, 0.000000,
                      -0.000000,-0.000000, 1.000000, 0.000000,
                       5.232741, 3.175969,-0.122864, 1.000000;;
                    }
                  } // End of bloodelffemale_bone_0_bloodelffemale_bone_34
                  Frame bloodelffemale_bone_0_bloodelffemale_bone_35 {
                    FrameTransformMatrix {
                       0.000000, 0.000000, 0.000000, 0.000000,
                       0.000000, 0.000000, 0.000000, 0.000000,
                       0.000000, 0.000000, 0.000000, 0.000000,
                       5.373622, 3.225801, 0.000001, 1.000000;;
                    }
                  } // End of bloodelffemale_bone_0_bloodelffemale_bone_35
                  Frame bloodelffemale_bone_0_bloodelffemale_bone_36 {
                    FrameTransformMatrix {
                       1.000000, 0.000000,-0.000000, 0.000000,
                       0.000000, 1.000000,-0.000000, 0.000000,
                      -0.000000,-0.000000, 1.000000, 0.000000,
                       5.663230, 3.217014,-1.886439, 1.000000;;
                    }
                  } // End of bloodelffemale_bone_0_bloodelffemale_bone_36
                  Frame bloodelffemale_bone_0_bloodelffemale_bone_37 {
                    FrameTransformMatrix {
                       1.000000, 0.000000,-0.000000, 0.000000,
                       0.000000, 1.000000,-0.000000, 0.000000,
                      -0.000000,-0.000000, 1.000000, 0.000000,
                       5.663231, 3.217015, 1.623719, 1.000000;;
                    }
                  } // End of bloodelffemale_bone_0_bloodelffemale_bone_37
                  Frame bloodelffemale_bone_0_bloodelffemale_bone_38 {
                    FrameTransformMatrix {
                       0.977101,-0.123260, 0.173440, 0.000000,
                       0.123872, 0.992271, 0.007337, 0.000000,
                      -0.173003, 0.014315, 0.984817, 0.000000,
                      -6.951567, 5.010128, 0.000001, 1.000000;;
                    }
                    Frame bloodelffemale_bone_0_bloodelffemale_bone_50 {
                      FrameTransformMatrix {
                         0.987895,-0.154974,-0.006858, 0.000000,
                         0.146780, 0.948138,-0.281940, 0.000000,
                         0.050196, 0.277520, 0.959408, 0.000000,
                        -3.287898,-5.323280, 0.000001, 1.000000;;
                      }
                      Frame bloodelffemale_bone_0_bloodelffemale_bone_65 {
                        FrameTransformMatrix {
                           0.977511,-0.210690, 0.009057, 0.000000,
                           0.202752, 0.927138,-0.315130, 0.000000,
                           0.057998, 0.309880, 0.949005, 0.000000,
                          -0.093976,-5.010126, 0.000003, 1.000000;;
                        }
                      } // End of bloodelffemale_bone_0_bloodelffemale_bone_65
                    } // End of bloodelffemale_bone_0_bloodelffemale_bone_50
                  } // End of bloodelffemale_bone_0_bloodelffemale_bone_38
                  Frame bloodelffemale_bone_0_bloodelffemale_bone_39 {
                    FrameTransformMatrix {
                       0.998658, 0.051503,-0.005353, 0.000000,
                      -0.051686, 0.997737,-0.042996, 0.000000,
                       0.003127, 0.043215, 0.999061, 0.000000,
                       0.535224, 3.460783,-3.794063, 1.000000;;
                    }
                    Frame bloodelffemale_bone_0_bloodelffemale_bone_51 {
                      FrameTransformMatrix {
                         0.982758, 0.184890,-0.001482, 0.000000,
                        -0.183920, 0.976714,-0.110470, 0.000000,
                        -0.018977, 0.108837, 0.993878, 0.000000,
                        -3.432413, 4.470264,-1.424436, 1.000000;;
                      }
                    } // End of bloodelffemale_bone_0_bloodelffemale_bone_51
                    Frame bloodelffemale_bone_0_bloodelffemale_bone_52 {
                      FrameTransformMatrix {
                         1.000000, 0.000000,-0.000000, 0.000000,
                        -0.000000, 1.000000, 0.000000, 0.000000,
                        -0.000000,-0.000000, 1.000000, 0.000000,
                         0.829485,-2.552713, 0.528475, 1.000000;;
                      }
                    } // End of bloodelffemale_bone_0_bloodelffemale_bone_52
                    Frame bloodelffemale_bone_0_bloodelffemale_bone_53 {
                      FrameTransformMatrix {
                         1.000000, 0.000000,-0.000000, 0.000000,
                        -0.000000, 1.000000, 0.000000, 0.000000,
                        -0.000000,-0.000000, 1.000000, 0.000000,
                         0.810140,-2.669363, 0.552600, 1.000000;;
                      }
                    } // End of bloodelffemale_bone_0_bloodelffemale_bone_53
                    Frame bloodelffemale_bone_0_bloodelffemale_bone_54 {
                      FrameTransformMatrix {
                         1.000000, 0.000000,-0.000000, 0.000000,
                        -0.000000, 1.000000, 0.000000, 0.000000,
                        -0.000000,-0.000000, 1.000000, 0.000000,
                         0.747974,-2.607049, 0.538120, 1.000000;;
                      }
                    } // End of bloodelffemale_bone_0_bloodelffemale_bone_54
                  } // End of bloodelffemale_bone_0_bloodelffemale_bone_39
                  Frame bloodelffemale_bone_0_bloodelffemale_bone_40 {
                    FrameTransformMatrix {
                       0.996334,-0.073359, 0.044010, 0.000000,
                       0.076968, 0.993244,-0.086845, 0.000000,
                      -0.037342, 0.089914, 0.995249, 0.000000,
                       5.725764, 3.104822,-0.922822, 1.000000;;
                    }
                    Frame bloodelffemale_bone_0_bloodelffemale_bone_55 {
                      FrameTransformMatrix {
                         0.999828,-0.000745,-0.018556, 0.000000,
                         0.000842, 0.999986, 0.005180, 0.000000,
                         0.018552,-0.005195, 0.999814, 0.000000,
                        -0.832077, 1.901299,-3.475169, 1.000000;;
                      }
                    } // End of bloodelffemale_bone_0_bloodelffemale_bone_55
                  } // End of bloodelffemale_bone_0_bloodelffemale_bone_40
                  Frame bloodelffemale_bone_0_bloodelffemale_bone_41 {
                    FrameTransformMatrix {
                       0.999467,-0.031626, 0.008073, 0.000000,
                       0.031653, 0.999494,-0.003245, 0.000000,
                      -0.007966, 0.003499, 0.999962, 0.000000,
                       2.720423, 0.655200, 0.000001, 1.000000;;
                    }
                  } // End of bloodelffemale_bone_0_bloodelffemale_bone_41
                  Frame bloodelffemale_bone_0_bloodelffemale_bone_42 {
                    FrameTransformMatrix {
                       1.000000, 0.000000,-0.000000, 0.000000,
                       0.000000, 1.000000,-0.000000, 0.000000,
                      -0.000000,-0.000000, 1.000000, 0.000000,
                       5.773674,-0.305138,-1.095559, 1.000000;;
                    }
                  } // End of bloodelffemale_bone_0_bloodelffemale_bone_42
                  Frame bloodelffemale_bone_0_bloodelffemale_bone_43 {
                    FrameTransformMatrix {
                       0.999253,-0.038099,-0.006420, 0.000000,
                       0.038330, 0.998431, 0.040826, 0.000000,
                       0.004854,-0.041042, 0.999146, 0.000000,
                       5.752540, 2.746802, 1.082219, 1.000000;;
                    }
                    Frame bloodelffemale_bone_0_bloodelffemale_bone_56 {
                      FrameTransformMatrix {
                         0.998392,-0.000768, 0.056680, 0.000000,
                        -0.002354, 0.998484, 0.054989, 0.000000,
                        -0.056637,-0.055034, 0.996877, 0.000000,
                        -0.832083, 1.901329, 3.475173, 1.000000;;
                      }
                    } // End of bloodelffemale_bone_0_bloodelffemale_bone_56
                  } // End of bloodelffemale_bone_0_bloodelffemale_bone_43
                  Frame bloodelffemale_bone_0_bloodelffemale_bone_44 {
                    FrameTransformMatrix {
                       0.999735, 0.022857, 0.002604, 0.000000,
                      -0.022728, 0.998865,-0.041850, 0.000000,
                      -0.003557, 0.041780, 0.999121, 0.000000,
                       0.535223, 3.460819, 3.794302, 1.000000;;
                    }
                    Frame bloodelffemale_bone_0_bloodelffemale_bone_57 {
                      FrameTransformMatrix {
                         0.990112, 0.139328,-0.016327, 0.000000,
                        -0.139621, 0.990033,-0.018439, 0.000000,
                         0.013595, 0.020537, 0.999697, 0.000000,
                        -3.432408, 4.470154, 1.424430, 1.000000;;
                      }
                    } // End of bloodelffemale_bone_0_bloodelffemale_bone_57
                    Frame bloodelffemale_bone_0_bloodelffemale_bone_58 {
                      FrameTransformMatrix {
                         1.000000, 0.000000,-0.000000, 0.000000,
                         0.000000, 1.000000,-0.000000, 0.000000,
                        -0.000000, 0.000000, 1.000000, 0.000000,
                         0.829485,-2.552726,-0.528714, 1.000000;;
                      }
                    } // End of bloodelffemale_bone_0_bloodelffemale_bone_58
                    Frame bloodelffemale_bone_0_bloodelffemale_bone_59 {
                      FrameTransformMatrix {
                         1.000000, 0.000000,-0.000000, 0.000000,
                         0.000000, 1.000000,-0.000000, 0.000000,
                        -0.000000, 0.000000, 1.000000, 0.000000,
                         0.810144,-2.669401,-0.552837, 1.000000;;
                      }
                    } // End of bloodelffemale_bone_0_bloodelffemale_bone_59
                    Frame bloodelffemale_bone_0_bloodelffemale_bone_60 {
                      FrameTransformMatrix {
                         1.000000, 0.000000,-0.000000, 0.000000,
                         0.000000, 1.000000,-0.000000, 0.000000,
                        -0.000000, 0.000000, 1.000000, 0.000000,
                         0.330018,-2.592108,-0.538355, 1.000000;;
                      }
                    } // End of bloodelffemale_bone_0_bloodelffemale_bone_60
                  } // End of bloodelffemale_bone_0_bloodelffemale_bone_44
                  Frame bloodelffemale_bone_0_bloodelffemale_bone_45 {
                    FrameTransformMatrix {
                       1.000000, 0.000000,-0.000000, 0.000000,
                       0.000000, 1.000000,-0.000000, 0.000000,
                      -0.000000,-0.000000, 1.000000, 0.000000,
                       5.773676,-0.304328, 1.070646, 1.000000;;
                    }
                  } // End of bloodelffemale_bone_0_bloodelffemale_bone_45
                } // End of bloodelffemale_bone_0_bloodelffemale_bone_27
              } // End of bloodelffemale_bone_0_bloodelffemale_bone_18
              Frame bloodelffemale_bone_0_bloodelffemale_bone_19 {
                FrameTransformMatrix {
                   0.963594, 0.243948, 0.109435, 0.000000,
                  -0.259132, 0.952913, 0.157505, 0.000000,
                  -0.065859,-0.180128, 0.981436, 0.000000,
                  -1.879301, 9.575286,-1.930058, 1.000000;;
                }
                Frame bloodelffemale_bone_0_bloodelffemale_bone_28 {
                  FrameTransformMatrix {
                     0.981083,-0.139209, 0.134523, 0.000000,
                     0.173044, 0.942159,-0.287040, 0.000000,
                    -0.086783, 0.304888, 0.948426, 0.000000,
                    -1.103304,-0.308075,-5.185768, 1.000000;;
                  }
                  Frame bloodelffemale_bone_0_bloodelffemale_bone_46 {
                    FrameTransformMatrix {
                       0.999544, 0.025405, 0.016323, 0.000000,
                      -0.024277, 0.997530,-0.065921, 0.000000,
                      -0.017957, 0.065495, 0.997691, 0.000000,
                      -0.655871,-13.852288,-3.204657, 1.000000;;
                    }
                    Frame bloodelffemale_bone_0_bloodelffemale_bone_61 {
                      FrameTransformMatrix {
                         0.984930,-0.171916,-0.018897, 0.000000,
                         0.172872, 0.981892, 0.077475, 0.000000,
                         0.005236,-0.079574, 0.996815, 0.000000,
                         2.529580,-13.667335,-3.011123, 1.000000;;
                      }
                      Frame bloodelffemale_bone_0_bloodelffemale_bone_150 {
                        FrameTransformMatrix {
                           1.000000, 0.000000,-0.000000, 0.000000,
                          -0.000000, 1.000000,-0.000000, 0.000000,
                          -0.000000, 0.000000, 1.000000, 0.000000,
                           1.449128,-6.221849, 1.155972, 1.000000;;
                        }
                      } // End of bloodelffemale_bone_0_bloodelffemale_bone_150
                      Frame bloodelffemale_bone_0_bloodelffemale_bone_156 {
                        FrameTransformMatrix {
                           1.076097, 0.079872,-0.055340, 0.000000,
                           0.014439, 0.477089, 0.969332, 0.000000,
                           0.096092,-0.966143, 0.474088, 0.000000,
                           1.187175,-6.224228, 1.156381, 1.000000;;
                        }
                      } // End of bloodelffemale_bone_0_bloodelffemale_bone_156
                      Frame bloodelffemale_bone_0_bloodelffemale_bone_66 {
                        FrameTransformMatrix {
                           0.968417,-0.209973, 0.134463, 0.000000,
                           0.202869, 0.977068, 0.064673, 0.000000,
                          -0.144959,-0.035352, 0.988806, 0.000000,
                           2.133353,-3.274407, 0.670343, 1.000000;;
                        }
                        Frame bloodelffemale_bone_0_bloodelffemale_bone_76 {
                          FrameTransformMatrix {
                             0.990161, 0.135886,-0.033401, 0.000000,
                            -0.135300, 0.990618, 0.019234, 0.000000,
                             0.035701,-0.014526, 0.999257, 0.000000,
                             1.463317,-1.890904, 0.523995, 1.000000;;
                          }
                        } // End of bloodelffemale_bone_0_bloodelffemale_bone_76
                      } // End of bloodelffemale_bone_0_bloodelffemale_bone_66
                      Frame bloodelffemale_bone_0_bloodelffemale_bone_67 {
                        FrameTransformMatrix {
                           0.996681,-0.013708,-0.080239, 0.000000,
                           0.035563, 0.959998, 0.277739, 0.000000,
                           0.073222,-0.279671, 0.957300, 0.000000,
                           2.740728,-5.325025,-0.866798, 1.000000;;
                        }
                        Frame bloodelffemale_bone_0_bloodelffemale_bone_77 {
                          FrameTransformMatrix {
                             0.998335, 0.018584,-0.054607, 0.000000,
                            -0.011438, 0.991660, 0.128374, 0.000000,
                             0.056537,-0.127536, 0.990221, 0.000000,
                             1.059846,-3.546625, 0.935848, 1.000000;;
                          }
                        } // End of bloodelffemale_bone_0_bloodelffemale_bone_77
                      } // End of bloodelffemale_bone_0_bloodelffemale_bone_67
                      Frame bloodelffemale_bone_0_bloodelffemale_bone_68 {
                        FrameTransformMatrix {
                           0.998495,-0.012956,-0.053292, 0.000000,
                           0.023972, 0.977058, 0.211619, 0.000000,
                           0.049327,-0.212578, 0.975898, 0.000000,
                           1.832467,-6.194110,-1.028971, 1.000000;;
                        }
                        Frame bloodelffemale_bone_0_bloodelffemale_bone_78 {
                          FrameTransformMatrix {
                             0.999997,-0.000397,-0.002504, 0.000000,
                             0.000412, 0.999983, 0.005753, 0.000000,
                             0.002502,-0.005754, 0.999980, 0.000000,
                             1.019927,-3.716758, 1.378843, 1.000000;;
                          }
                        } // End of bloodelffemale_bone_0_bloodelffemale_bone_78
                      } // End of bloodelffemale_bone_0_bloodelffemale_bone_68
                      Frame bloodelffemale_bone_0_bloodelffemale_bone_69 {
                        FrameTransformMatrix {
                           0.999178,-0.014015,-0.038037, 0.000000,
                           0.018302, 0.993221, 0.114790, 0.000000,
                           0.036170,-0.115392, 0.992661, 0.000000,
                           0.802430,-6.453210,-0.937935, 1.000000;;
                        }
                        Frame bloodelffemale_bone_0_bloodelffemale_bone_79 {
                          FrameTransformMatrix {
                             0.997908, 0.037002, 0.053008, 0.000000,
                            -0.026209, 0.981148,-0.191471, 0.000000,
                            -0.059093, 0.189681, 0.980066, 0.000000,
                             0.925358,-3.447779, 1.252392, 1.000000;;
                          }
                        } // End of bloodelffemale_bone_0_bloodelffemale_bone_79
                      } // End of bloodelffemale_bone_0_bloodelffemale_bone_69
                      Frame bloodelffemale_bone_0_bloodelffemale_bone_70 {
                        FrameTransformMatrix {
                           0.990239,-0.138424,-0.016308, 0.000000,
                           0.139173, 0.988366, 0.061354, 0.000000,
                           0.007626,-0.063025, 0.997983, 0.000000,
                          -0.201609,-6.245822,-0.422332, 1.000000;;
                        }
                        Frame bloodelffemale_bone_0_bloodelffemale_bone_80 {
                          FrameTransformMatrix {
                             0.999839,-0.006662,-0.016671, 0.000000,
                             0.007428, 0.998899, 0.046315, 0.000000,
                             0.016344,-0.046431, 0.998788, 0.000000,
                             0.647067,-2.937623, 0.640095, 1.000000;;
                          }
                        } // End of bloodelffemale_bone_0_bloodelffemale_bone_80
                      } // End of bloodelffemale_bone_0_bloodelffemale_bone_70
                    } // End of bloodelffemale_bone_0_bloodelffemale_bone_61
                    Frame bloodelffemale_bone_0_bloodelffemale_bone_62 {
                      FrameTransformMatrix {
                         0.999940,-0.002345, 0.010722, 0.000000,
                         0.002325, 0.999995, 0.001954, 0.000000,
                        -0.010726,-0.001929, 0.999941, 0.000000,
                         1.879435,-10.170338,-2.237340, 1.000000;;
                      }
                    } // End of bloodelffemale_bone_0_bloodelffemale_bone_62
                  } // End of bloodelffemale_bone_0_bloodelffemale_bone_46
                  Frame bloodelffemale_bone_0_bloodelffemale_bone_47 {
                    FrameTransformMatrix {
                       0.999884, 0.012551, 0.008607, 0.000000,
                      -0.012262, 0.999384,-0.032887, 0.000000,
                      -0.009015, 0.032777, 0.999422, 0.000000,
                      -0.655871,-13.852288,-3.204657, 1.000000;;
                    }
                  } // End of bloodelffemale_bone_0_bloodelffemale_bone_47
                } // End of bloodelffemale_bone_0_bloodelffemale_bone_28
              } // End of bloodelffemale_bone_0_bloodelffemale_bone_19
              Frame bloodelffemale_bone_0_bloodelffemale_bone_20 {
                FrameTransformMatrix {
                   0.998055, 0.048683, 0.038943, 0.000000,
                  -0.049607, 0.998501, 0.023115, 0.000000,
                  -0.037759,-0.025002, 0.998974, 0.000000,
                   3.058940, 5.388151,-3.344315, 1.000000;;
                }
              } // End of bloodelffemale_bone_0_bloodelffemale_bone_20
              Frame bloodelffemale_bone_0_bloodelffemale_bone_21 {
                FrameTransformMatrix {
                   0.998253, 0.047979,-0.034485, 0.000000,
                  -0.048765, 0.998561,-0.022318, 0.000000,
                   0.033364, 0.023961, 0.999156, 0.000000,
                   3.058939, 5.388173, 3.344537, 1.000000;;
                }
              } // End of bloodelffemale_bone_0_bloodelffemale_bone_21
              Frame bloodelffemale_bone_0_bloodelffemale_bone_22 {
                FrameTransformMatrix {
                   0.841708, 0.235712, 0.485765, 0.000000,
                  -0.118629, 0.958426,-0.259512, 0.000000,
                  -0.526740, 0.160808, 0.834677, 0.000000,
                  -1.879308, 9.597786, 1.930283, 1.000000;;
                }
                Frame bloodelffemale_bone_0_bloodelffemale_bone_29 {
                  FrameTransformMatrix {
                     0.956928,-0.238043, 0.166207, 0.000000,
                     0.230163, 0.970949, 0.065450, 0.000000,
                    -0.176958,-0.024376, 0.983916, 0.000000,
                    -1.103293,-0.308060, 5.185759, 1.000000;;
                  }
                  Frame bloodelffemale_bone_0_bloodelffemale_bone_48 {
                    FrameTransformMatrix {
                       0.997226, 0.066550,-0.033328, 0.000000,
                      -0.061724, 0.989678, 0.129334, 0.000000,
                       0.041591,-0.126918, 0.991041, 0.000000,
                      -0.655875,-13.852230, 3.204654, 1.000000;;
                    }
                    Frame bloodelffemale_bone_0_bloodelffemale_bone_63 {
                      FrameTransformMatrix {
                         0.889646,-0.372233,-0.264525, 0.000000,
                         0.352013, 0.928011,-0.121991, 0.000000,
                         0.290891, 0.015412, 0.956632, 0.000000,
                         2.529568,-13.667310, 3.011132, 1.000000;;
                      }
                      Frame bloodelffemale_bone_0_bloodelffemale_bone_151 {
                        FrameTransformMatrix {
                           1.000000,-0.000000, 0.000000, 0.000000,
                          -0.000000, 1.000000, 0.000000, 0.000000,
                          -0.000000,-0.000000, 1.000000, 0.000000,
                          -0.297679,-6.221819,-1.155977, 1.000000;;
                        }
                      } // End of bloodelffemale_bone_0_bloodelffemale_bone_151
                      Frame bloodelffemale_bone_0_bloodelffemale_bone_71 {
                        FrameTransformMatrix {
                           0.859196, 0.446577, 0.249700, 0.000000,
                          -0.435427, 0.894486,-0.101482, 0.000000,
                          -0.268673,-0.021533, 0.962991, 0.000000,
                           2.065371,-3.273684,-1.048665, 1.000000;;
                        }
                        Frame bloodelffemale_bone_0_bloodelffemale_bone_81 {
                          FrameTransformMatrix {
                             0.913131, 0.397480, 0.090558, 0.000000,
                            -0.392279, 0.917167,-0.070156, 0.000000,
                            -0.110943, 0.028538, 0.993417, 0.000000,
                             1.463316,-1.890907,-0.524002, 1.000000;;
                          }
                        } // End of bloodelffemale_bone_0_bloodelffemale_bone_81
                      } // End of bloodelffemale_bone_0_bloodelffemale_bone_71
                      Frame bloodelffemale_bone_0_bloodelffemale_bone_72 {
                        FrameTransformMatrix {
                           0.976941, 0.180648,-0.113809, 0.000000,
                          -0.211839, 0.886660,-0.411046, 0.000000,
                           0.026656, 0.425677, 0.904483, 0.000000,
                           2.740716,-5.325097, 0.866769, 1.000000;;
                        }
                        Frame bloodelffemale_bone_0_bloodelffemale_bone_82 {
                          FrameTransformMatrix {
                             0.996493, 0.029255, 0.078395, 0.000000,
                            -0.014210, 0.982448,-0.185995, 0.000000,
                            -0.082461, 0.184229, 0.979418, 0.000000,
                             1.059841,-3.546635,-0.935825, 1.000000;;
                          }
                        } // End of bloodelffemale_bone_0_bloodelffemale_bone_82
                      } // End of bloodelffemale_bone_0_bloodelffemale_bone_72
                      Frame bloodelffemale_bone_0_bloodelffemale_bone_73 {
                        FrameTransformMatrix {
                           0.986610, 0.103136, 0.126345, 0.000000,
                          -0.027183, 0.867820,-0.496134, 0.000000,
                          -0.160814, 0.486057, 0.859004, 0.000000,
                           1.832452,-6.194193, 1.028925, 1.000000;;
                        }
                        Frame bloodelffemale_bone_0_bloodelffemale_bone_83 {
                          FrameTransformMatrix {
                             0.982050,-0.161020, 0.098230, 0.000000,
                             0.183296, 0.937549,-0.295641, 0.000000,
                            -0.044491, 0.308340, 0.950235, 0.000000,
                             1.019922,-3.716708,-1.378796, 1.000000;;
                          }
                        } // End of bloodelffemale_bone_0_bloodelffemale_bone_83
                      } // End of bloodelffemale_bone_0_bloodelffemale_bone_73
                      Frame bloodelffemale_bone_0_bloodelffemale_bone_74 {
                        FrameTransformMatrix {
                           0.975438, 0.158055, 0.153427, 0.000000,
                          -0.081549, 0.906149,-0.415022, 0.000000,
                          -0.204624, 0.392316, 0.896782, 0.000000,
                           0.802413,-6.453256, 0.937994, 1.000000;;
                        }
                        Frame bloodelffemale_bone_0_bloodelffemale_bone_84 {
                          FrameTransformMatrix {
                             0.999880, 0.004670,-0.014781, 0.000000,
                            -0.004093, 0.999238, 0.038817, 0.000000,
                             0.014951,-0.038752, 0.999137, 0.000000,
                             0.925356,-3.447788,-1.252449, 1.000000;;
                          }
                        } // End of bloodelffemale_bone_0_bloodelffemale_bone_84
                      } // End of bloodelffemale_bone_0_bloodelffemale_bone_74
                      Frame bloodelffemale_bone_0_bloodelffemale_bone_75 {
                        FrameTransformMatrix {
                           0.984939,-0.156979, 0.072481, 0.000000,
                           0.166387, 0.974523,-0.150401, 0.000000,
                          -0.047025, 0.160196, 0.985964, 0.000000,
                          -0.201629,-6.245838, 0.422323, 1.000000;;
                        }
                        Frame bloodelffemale_bone_0_bloodelffemale_bone_85 {
                          FrameTransformMatrix {
                             0.999770,-0.007857, 0.019942, 0.000000,
                             0.008948, 0.998435,-0.055207, 0.000000,
                            -0.019477, 0.055373, 0.998276, 0.000000,
                             0.647074,-2.937713,-0.640094, 1.000000;;
                          }
                        } // End of bloodelffemale_bone_0_bloodelffemale_bone_85
                      } // End of bloodelffemale_bone_0_bloodelffemale_bone_75
                    } // End of bloodelffemale_bone_0_bloodelffemale_bone_63
                    Frame bloodelffemale_bone_0_bloodelffemale_bone_64 {
                      FrameTransformMatrix {
                         0.987223,-0.036459,-0.155118, 0.000000,
                         0.031947, 0.998994,-0.031480, 0.000000,
                         0.156110, 0.026122, 0.987394, 0.000000,
                         1.882117,-10.169061, 2.240764, 1.000000;;
                      }
                    } // End of bloodelffemale_bone_0_bloodelffemale_bone_64
                  } // End of bloodelffemale_bone_0_bloodelffemale_bone_48
                  Frame bloodelffemale_bone_0_bloodelffemale_bone_49 {
                    FrameTransformMatrix {
                       0.999293, 0.032536,-0.018825, 0.000000,
                      -0.031264, 0.997437, 0.064361, 0.000000,
                       0.020870,-0.063727, 0.997749, 0.000000,
                      -0.655875,-13.852230, 3.204654, 1.000000;;
                    }
                  } // End of bloodelffemale_bone_0_bloodelffemale_bone_49
                } // End of bloodelffemale_bone_0_bloodelffemale_bone_29
              } // End of bloodelffemale_bone_0_bloodelffemale_bone_22
            } // End of bloodelffemale_bone_0_bloodelffemale_bone_10
          } // End of bloodelffemale_bone_0_bloodelffemale_bone_4
        } // End of bloodelffemale_bone_0_bloodelffemale_bone_2
        Frame bloodelffemale_bone_0_bloodelffemale_bone_3 {
          FrameTransformMatrix {
             0.961545,-0.029112, 0.273101, 0.000000,
             0.067123, 0.989122,-0.130890, 0.000000,
            -0.266320, 0.144188, 0.953039, 0.000000,
             0.000001,-0.561813, 0.000000, 1.000000;;
          }
          Frame bloodelffemale_bone_0_bloodelffemale_bone_5 {
            FrameTransformMatrix {
               0.833746, 0.133080, 0.535871, 0.000000,
              -0.319078, 0.908186, 0.270901, 0.000000,
              -0.450619,-0.396847, 0.799659, 0.000000,
              -0.646627,-1.637640,-4.106989, 1.000000;;
            }
            Frame bloodelffemale_bone_0_bloodelffemale_bone_11 {
              FrameTransformMatrix {
                 0.851850,-0.523168,-0.025426, 0.000000,
                 0.519500, 0.850081,-0.086500, 0.000000,
                 0.066868, 0.060477, 0.995927, 0.000000,
                 0.473641,-25.473345,-2.325278, 1.000000;;
              }
              Frame bloodelffemale_bone_0_bloodelffemale_bone_23 {
                FrameTransformMatrix {
                   0.983117,-0.032052,-0.180152, 0.000000,
                   0.006177, 0.989791,-0.142392, 0.000000,
                   0.182876, 0.138875, 0.973278, 0.000000,
                  -4.231598,-25.169598,-1.635100, 1.000000;;
                }
                Frame bloodelffemale_bone_0_bloodelffemale_bone_30 {
                  FrameTransformMatrix {
                     0.905164, 0.424882,-0.012345, 0.000000,
                    -0.425057, 0.904907,-0.021700, 0.000000,
                     0.001951, 0.024889, 0.999688, 0.000000,
                     8.139487,-3.787951,-1.701991, 1.000000;;
                  }
                } // End of bloodelffemale_bone_0_bloodelffemale_bone_30
              } // End of bloodelffemale_bone_0_bloodelffemale_bone_23
            } // End of bloodelffemale_bone_0_bloodelffemale_bone_11
            Frame bloodelffemale_bone_0_bloodelffemale_bone_12 {
              FrameTransformMatrix {
                 0.962229,-0.271600,-0.018681, 0.000000,
                 0.270666, 0.961776,-0.041551, 0.000000,
                 0.029252, 0.034925, 0.998962, 0.000000,
                 0.473641,-25.473345,-2.325278, 1.000000;;
              }
            } // End of bloodelffemale_bone_0_bloodelffemale_bone_12
          } // End of bloodelffemale_bone_0_bloodelffemale_bone_5
          Frame bloodelffemale_bone_0_bloodelffemale_bone_6 {
            FrameTransformMatrix {
               0.961218, 0.274295,-0.028660, 0.000000,
              -0.247506, 0.903816, 0.349080, 0.000000,
               0.121654,-0.328449, 0.936655, 0.000000,
              -0.646626,-1.637614, 4.101047, 1.000000;;
            }
            Frame bloodelffemale_bone_0_bloodelffemale_bone_13 {
              FrameTransformMatrix {
                 0.997386,-0.072001, 0.006029, 0.000000,
                 0.071936, 0.997356, 0.010313, 0.000000,
                -0.006756,-0.009852, 0.999929, 0.000000,
                 0.473653,-25.473417, 2.325285, 1.000000;;
              }
              Frame bloodelffemale_bone_0_bloodelffemale_bone_24 {
                FrameTransformMatrix {
                   0.979023,-0.006862, 0.203635, 0.000000,
                   0.037884, 0.988136,-0.148835, 0.000000,
                  -0.200198, 0.153428, 0.967668, 0.000000,
                  -4.231583,-25.169561, 1.635119, 1.000000;;
                }
                Frame bloodelffemale_bone_0_bloodelffemale_bone_31 {
                  FrameTransformMatrix {
                     0.999937, 0.002896, 0.010812, 0.000000,
                    -0.002963, 0.999977, 0.006149, 0.000000,
                    -0.010794,-0.006180, 0.999923, 0.000000,
                     8.139493,-3.787946, 1.701984, 1.000000;;
                  }
                } // End of bloodelffemale_bone_0_bloodelffemale_bone_31
              } // End of bloodelffemale_bone_0_bloodelffemale_bone_24
            } // End of bloodelffemale_bone_0_bloodelffemale_bone_13
            Frame bloodelffemale_bone_0_bloodelffemale_bone_14 {
              FrameTransformMatrix {
                 0.999351,-0.035892, 0.003091, 0.000000,
                 0.035876, 0.999343, 0.005075, 0.000000,
                -0.003271,-0.004961, 0.999982, 0.000000,
                 0.473653,-25.473417, 2.325285, 1.000000;;
              }
            } // End of bloodelffemale_bone_0_bloodelffemale_bone_14
          } // End of bloodelffemale_bone_0_bloodelffemale_bone_6
          Frame bloodelffemale_bone_0_bloodelffemale_bone_7 {
            FrameTransformMatrix {
               0.994942, 0.096721, 0.027103, 0.000000,
              -0.099685, 0.983944, 0.148045, 0.000000,
              -0.012349,-0.149998, 0.988609, 0.000000,
              -7.852106,-3.007224,-1.490173, 1.000000;;
            }
            Frame bloodelffemale_bone_0_bloodelffemale_bone_15 {
              FrameTransformMatrix {
                 0.997586, 0.038069,-0.058083, 0.000000,
                -0.030997, 0.992512, 0.118148, 0.000000,
                 0.062146,-0.116062, 0.991296, 0.000000,
                 0.089859,-8.658200, 0.040978, 1.000000;;
              }
            } // End of bloodelffemale_bone_0_bloodelffemale_bone_15
          } // End of bloodelffemale_bone_0_bloodelffemale_bone_7
          Frame bloodelffemale_bone_0_bloodelffemale_bone_8 {
            FrameTransformMatrix {
               0.955848, 0.277321, 0.097201, 0.000000,
              -0.288525, 0.948415, 0.131389, 0.000000,
              -0.055750,-0.153632, 0.986554, 0.000000,
               5.683201, 0.926873, 0.009640, 1.000000;;
            }
            Frame bloodelffemale_bone_0_bloodelffemale_bone_16 {
              FrameTransformMatrix {
                 0.999854, 0.000463, 0.017085, 0.000000,
                -0.000115, 0.999793,-0.020362, 0.000000,
                -0.017091, 0.020357, 0.999647, 0.000000,
                 0.927585,-5.567493, 0.008860, 1.000000;;
              }
              Frame bloodelffemale_bone_0_bloodelffemale_bone_25 {
                FrameTransformMatrix {
                   0.998707, 0.022896,-0.045393, 0.000000,
